# SLinitializers[dim-2][*] — sobolrsg.cpp (v1.43)
# Generated by migration-harness/generate_sobol_tables.py — do not edit.
1
1 1
1 3 7
1 1 5
1 3 1 1
1 1 3 7
1 3 3 9 9
1 3 7 13 3
1 1 5 11 27
1 3 5 1 15
1 1 7 3 29
1 3 7 7 21
1 1 1 9 23 37
1 3 3 5 19 33
1 1 3 13 11 7
1 1 7 13 25 5
1 3 5 11 7 11
1 1 1 3 13 39
1 3 1 15 17 63 13
1 1 5 5 1 27 33
1 3 3 3 25 17 115
1 1 3 15 29 15 41
1 3 1 7 3 23 79
1 3 7 9 31 29 17
1 1 5 13 11 3 29
1 3 1 9 5 21 119
1 1 3 1 23 13 75
1 3 3 11 27 31 73
1 1 7 7 19 25 105
1 3 5 5 21 9 7
1 1 1 15 5 49 59
1 1 1 1 1 33 65
1 3 5 15 17 19 21
1 1 7 11 13 29 3
1 3 7 5 7 11 113
1 1 5 3 15 19 61
1 3 1 1 9 27 89 7
1 1 3 7 31 15 45 23
1 3 3 9 9 25 107 39
